00100100
00000001
00000000
00000010
00100100
00000010
00000000
00001000
00100100
00000011
00000000
00000100
00100100
00000100
00000000
00000001
10101100
00000001
00000000
00000000
10101100
00000010
00000000
00000100
10101100
00000011
00000000
00001000
10101100
00000100
00000000
00001100
00001100
00000000
00000000
00001010
11111100
00000000
00000000
00000000
00100100
00000001
00000000
00000000
00100100
00000010
00000000
00000101
00100100
00100001
00000000
00000001
00010100
01000001
00000000
00000001
00000011
11100000
00000000
00001000
00100100
00000011
11111111
11111100
00100100
00000100
00000000
00001000
00100100
01100011
00000000
00000100
00010100
10000011
00000000
00000001
00001000
00000000
00000000
00001100
10001100
01100101
00000000
00000000
10001100
01100110
00000000
00000100
00000000
10100110
00111000
00101010
00010100
00000111
00000000
00000001
00001000
00000000
00000000
00010001
10101100
01100110
00000000
00000000
10101100
01100101
00000000
00000100
00001000
00000000
00000000
00010001
