00100100
00000001
00000000
00001110
00100100
00000010
11111111
11111011
00000000
00100010
00010000
00100100
00110100
00100001
00000000
00001001
00110000
01000010
00000000
00001101
00000000
00000001
00001000
01000000
00000000
00000010
00001000
00100101
00101000
00100011
00000000
00001000
00101000
00100100
00000000
00001001
00000000
01000100
00001000
00100000
00000000
01000001
00001000
00100010
00100100
00100001
00000000
00000001
00100100
01000010
11111111
11111000
00100100
01100011
00000000
00000000
00100100
10000100
11111111
11111111
00000000
00100010
00101000
00100101
00000000
10100011
00101000
00100101
00000000
10100100
00101000
00100101
00100100
00000000
11111111
11111110
00010000
10100000
00000000
00000001
11111100
00000000
00000000
00000000
00100100
00000001
00000000
00000000
00100100
00000010
11111111
11111101
10101100
00100010
00000000
00000000
10001100
00100001
00000000
00000000
00010100
00100010
00000000
00000011
00000100
00100000
00000000
00000001
11111100
00000000
00000000
00000000
00001000
00000000
00000000
00011110
11111100
00000000
00000000
00000000
00001100
00000000
00000000
00110000
00100000
00000001
01111111
11111111
00000000
00000001
00001100
00000000
00100000
00100001
01111111
11111111
00100000
00100001
01111111
11111111
00100000
00100010
00000000
00000000
00100000
01000010
00000000
00000010
00000000
01000001
00011000
00101010
00100000
00000001
00000000
00000001
00100000
00000010
00000000
00000010
00100000
00000011
00000000
00000011
00000000
01100000
00001000
00001011
00000000
01100010
00010000
00001011
00100100
00000001
00000000
00000000
00000000
00000010
00010100
00000000
10101100
00100010
00000000
00001000
10010100
00100011
00000000
00001010
11111100
00000000
00000000
00000000
00000011
11100000
00000000
00001000



